0.06192277744412422
0.06803729385137558
0.047499027103185654
0.08064841479063034
0.036332376301288605
0.02782563306391239
0.024269476532936096
0.024731071665883064
0.02145034819841385
0.01983504928648472
0.01909060776233673
0.01938495971262455
0.0195019394159317
0.020050665363669395
0.02088157832622528
0.015993298962712288
0.018571928143501282
0.0172368586063385
0.015252497978508472
0.016514211893081665
0.014943285845220089
0.013380669988691807
0.014479768462479115
0.018987486138939857
0.01588641107082367
0.015378020703792572
0.013218761421740055
0.016668230295181274
0.01673215627670288
0.012724370695650578
0.016635971143841743
0.013364319689571857
0.013905107975006104
0.016439419239759445
0.013284265995025635
0.014484298415482044
0.013651002198457718
0.013963096775114536
0.015504864044487476
0.01273439172655344
0.014759269542992115
0.013187386095523834
0.014122173190116882
0.014199298806488514
0.014621532522141933
0.012309021316468716
0.010505720973014832
0.012325610965490341
0.011053953319787979
0.014415138401091099
0.012666999362409115
0.012774336151778698
0.011985966004431248
0.011785894632339478
0.013096485286951065
0.012190807610750198
0.010928694158792496
0.011667177081108093
0.01089446246623993
0.00989713054150343
0.00962161272764206
0.010241028852760792
0.010453120805323124
0.009803404100239277
0.009690538048744202
0.009988215751945972
0.009795944206416607
0.012903224676847458
0.011061631143093109
0.010534361936151981
0.010110449977219105
0.009106593206524849
0.010069155134260654
0.009647618047893047
0.009783640503883362
0.00846624094992876
0.011164308525621891
0.00871050264686346
0.01042723935097456
0.009535999037325382
0.00831541232764721
0.009074423462152481
0.008281462825834751
0.007933506742119789
0.009276077151298523
0.010951541364192963
0.010368348099291325
0.008761116303503513
0.007820618338882923
0.009353778325021267
0.00876589398831129
0.007803319487720728
0.009435207583010197
0.010090961121022701
0.007100479677319527
0.008238819427788258
0.007931523956358433
0.00850418396294117
0.008775768801569939
0.008351653814315796
0.008495445363223553
0.007599324453622103
0.007825945504009724
0.007603198289871216
0.009081315249204636
0.00825558416545391
0.008458399213850498
0.008638733997941017
0.007376269903033972
0.007663389667868614
0.007922915741801262
0.008107895962893963
0.00852519553154707
0.007389460224658251
0.009195028804242611
0.008045641705393791
0.00707907835021615
0.008654960431158543
0.007415606174618006
0.007886086590588093
0.007517192512750626
0.008181027136743069
0.007181137800216675
0.007550183683633804
0.0072967917658388615
0.00782427191734314
0.006779222283512354
0.007770700845867395
0.008839435875415802
0.008096512407064438
0.008278661407530308
0.009404368698596954
0.007435927167534828
0.007232540752738714
0.007294866722077131
0.008038549683988094
0.007288884837180376
0.006732345093041658
0.006465366575866938
0.006190747022628784
